                [,1]          [,2]          [,3]          [,4]         [,5]
  [1,]  0.0457719254  3.266533e-02 -1.205177e-02 -2.353943e-02 -0.019596930
  [2,]  0.0326653331  4.834980e-02 -3.845063e-03 -2.660891e-02 -0.011414305
  [3,] -0.0120517694 -3.845063e-03  4.200031e-02 -5.315730e-03  0.047486824
  [4,] -0.0235394338 -2.660891e-02 -5.315730e-03  4.689054e-02 -0.015493841
  [5,] -0.0195969300 -1.141430e-02  4.748682e-02 -1.549384e-02  0.069341880
  [6,]  0.0273527600  1.898668e-02 -1.536295e-02  4.498450e-03 -0.012025562
  [7,] -0.0260981630 -1.538847e-02  1.674728e-02  2.730232e-02  0.008276708
  [8,] -0.0133259287 -1.366088e-02  9.998804e-03 -1.837399e-02  0.035678619
                [,6]          [,7]          [,8]          [,9]         [,10]
  [1,]  0.0273527600 -0.0260981630 -0.0133259287  2.951565e-02  4.145352e-02
  [2,]  0.0189866765 -0.0153884686 -0.0136608752  4.281659e-02  4.232762e-02
  [3,] -0.0153629518  0.0167472798  0.0099988043 -8.536997e-03 -1.854798e-02
  [4,]  0.0044984496  0.0273023219 -0.0183739932 -1.873562e-02 -2.618998e-02
  [5,] -0.0120255620  0.0082767085  0.0356786187 -1.328464e-02 -2.304215e-02
  [6,]  0.0701967221 -0.0202032640 -0.0028622697  3.673514e-02  4.174495e-02
  [7,] -0.0202032640  0.0320223914 -0.0126808040 -1.773434e-02 -3.077324e-02
  [8,] -0.0028622697 -0.0126808040  0.0413685367 -1.162842e-02 -1.087005e-02
               [,11]         [,12]         [,13]         [,14]         [,15]
  [1,]  0.0471454157  0.0091531980 -0.0227527618  3.656931e-02 -3.339459e-02
  [2,]  0.0370645408 -0.0231481682 -0.0160005632  4.705133e-02 -2.998250e-02
  [3,] -0.0053846665 -0.0072738398  0.0308247708 -6.600130e-03  2.957224e-02
  [4,] -0.0249607303  0.0021717588  0.0216888707 -1.667276e-02  1.195153e-02
  [5,] -0.0105769466 -0.0078410524  0.0256089615 -1.855165e-02  5.389423e-02
  [6,]  0.0320600400 -0.0137441228 -0.0172786743  2.060990e-02  9.011825e-03
  [7,] -0.0246983007 -0.0066604295  0.0314237711 -1.019847e-02  1.213441e-02
  [8,] -0.0102789633  0.0023299116 -0.0075989677 -2.078652e-02  3.615733e-02
               [,16]         [,17]         [,18]         [,19]         [,20]
  [1,] -1.630052e-02 -0.0109821840 -2.010031e-04 -9.337896e-03  0.0350768367
  [2,] -1.833856e-02 -0.0085356282 -5.774470e-03  2.414201e-03  0.0507930999
  [3,] -1.753897e-02  0.0318329616 -1.543429e-02  5.023996e-02 -0.0182571167
  [4,]  4.401169e-02 -0.0344507401 -3.264231e-02 -2.320234e-03 -0.0159650240
  [5,] -2.442132e-02  0.0650854446  9.902062e-03  4.899672e-02 -0.0327106478
  [6,]  1.597257e-02 -0.0031948782 -6.511212e-03 -1.557322e-02  0.0419310644
  [7,]  1.888628e-02 -0.0153589256 -3.157383e-02  2.413953e-02 -0.0187300485
  [8,] -1.432899e-02  0.0536813595  4.232931e-02 -8.934481e-04 -0.0277357150
               [,21]         [,22]         [,23]         [,24]         [,25]
  [1,]  0.0044565602 -0.0056327813  0.0137134898 -1.643531e-03  0.0308796848
  [2,] -0.0041919382 -0.0130949938  0.0095860701 -3.006860e-03  0.0028897338
  [3,] -0.0311949385 -0.0318266614 -0.0057617165  4.767548e-03 -0.0112988731
  [4,] -0.0003773129  0.0477424565 -0.0185336182 -4.358814e-02 -0.0124141091
  [5,] -0.0415351094 -0.0354292816  0.0032791685  3.786372e-02 -0.0157947147
  [6,] -0.0079804089  0.0657806681  0.0225536155 -4.856011e-03 -0.0021916182
  [7,] -0.0119316701  0.0020672821 -0.0219051637 -3.173166e-02 -0.0169003777
  [8,] -0.0147929713 -0.0151342168  0.0124451288  5.442033e-02 -0.0046875590
               [,26]         [,27]         [,28]         [,29]         [,30]
  [1,]  0.0196432654 -2.475036e-02 -0.0124101394  0.0377525679 -2.489694e-02
  [2,] -0.0110792320 -1.760844e-02 -0.0117219172  0.0152096162 -3.676452e-05
  [3,] -0.0016531640 -1.402119e-02  0.0164073064 -0.0017185514  3.453190e-02
  [4,] -0.0037779557  1.186026e-02  0.0268577038 -0.0184462367 -6.775779e-03
  [5,] -0.0058488358 -1.175001e-02  0.0174528676 -0.0101134029  4.520235e-02
  [6,] -0.0136466606 -9.852332e-03  0.0176263592 -0.0034400628 -1.877757e-02
  [7,] -0.0064422187  4.207368e-03  0.0196997888 -0.0142113118  1.700385e-02
  [8,] -0.0031593692  3.829666e-03 -0.0017217518 -0.0106917035  1.784615e-02
               [,31]         [,32]         [,33]         [,34]         [,35]
  [1,] -0.0220295929 -0.0118670217  0.0192343042  0.0228158872  1.384828e-02
  [2,] -0.0183448226 -0.0053911257  0.0094141044  0.0144262505 -2.122188e-02
  [3,]  0.0283158353 -0.0262874276 -0.0296793710 -0.0225982849 -8.386842e-03
  [4,] -0.0279341469  0.0247482981  0.0044293344 -0.0030251971  8.517368e-05
  [5,]  0.0553060810 -0.0389253368 -0.0309234644 -0.0151502219 -1.123596e-02
  [6,] -0.0236381044 -0.0063083290  0.0441173903  0.0598168564 -1.806660e-02
  [7,] -0.0074488048  0.0110339742 -0.0202551011 -0.0267531084 -7.452882e-03
  [8,]  0.0459139465 -0.0202845803 -0.0068114995  0.0051623873 -4.648015e-04
               [,36]         [,37]         [,38]         [,39]         [,40]
  [1,]  0.0226725625  2.366505e-02 -0.0261531913  0.0138065395 -0.0469376025
  [2,]  0.0346696630  2.226028e-02 -0.0211879455 -0.0194923873 -0.0391958043
  [3,] -0.0085921842 -9.326106e-03  0.0272137120 -0.0051608453  0.0096148860
  [4,] -0.0209032482 -1.537976e-02  0.0212745080 -0.0003403530  0.0705664910
  [5,] -0.0181574237 -5.116578e-03  0.0306482140 -0.0100058323  0.0124133620
  [6,]  0.0093671929  3.490481e-02 -0.0093578328 -0.0236373647  0.0282258872
  [7,] -0.0132941367 -2.137173e-02  0.0260247821 -0.0042973371  0.0434431145
  [8,] -0.0158020918  3.222355e-03  0.0051723799 -0.0029972822 -0.0024412159
               [,41]         [,42]         [,43]         [,44]         [,45]
  [1,] -7.547094e-03 -0.0300330802  0.0072276454  0.0217760167 -0.0448800070
  [2,] -1.597720e-02 -0.0152895338 -0.0187210793 -0.0093385683 -0.0422749589
  [3,] -2.757568e-02  0.0542464207 -0.0049072588 -0.0028023378  0.0093551779
  [4,]  1.439150e-02  0.0172874843  0.0022014316 -0.0037489726  0.0229752223
  [5,] -1.906818e-02  0.0531303042 -0.0073977434 -0.0125760280  0.0222901874
  [6,]  2.081389e-02 -0.0233889608 -0.0154938130 -0.0265246408 -0.0216734761
  [7,] -9.973788e-03  0.0400188615 -0.0033520507 -0.0027671901  0.0193946454
  [8,]  1.080692e-02 -0.0007939029 -0.0008106403 -0.0102947067  0.0216248204
               [,46]         [,47]         [,48]         [,49]         [,50]
  [1,]  2.668936e-03 -0.0139308014 -0.0258786153  1.245517e-02 -3.174810e-02
  [2,]  1.164483e-02 -0.0086458066 -0.0294783748  4.032497e-02 -3.194878e-02
  [3,] -9.153873e-03  0.0520751348  0.0041340153 -1.119822e-03 -1.653348e-02
  [4,] -5.759703e-03 -0.0151211491 -0.0056923967 -2.207194e-02  3.895385e-02
  [5,] -1.278868e-02  0.0730428300  0.0252469959 -2.045105e-02 -2.906731e-02
  [6,] -1.266430e-03 -0.0020245162 -0.0160690178 -3.377707e-02 -2.585369e-02
  [7,] -3.840310e-03  0.0075382498 -0.0048967507  4.826481e-03  2.505589e-02
  [8,] -5.702658e-03  0.0331687789  0.0353579010 -2.660671e-02 -1.821313e-02
               [,51]         [,52]         [,53]         [,54]         [,55]
  [1,] -0.0283437082 -2.190671e-02  0.0211922894  0.0006988896 -0.0153116004
  [2,] -0.0274287234 -1.765472e-02  0.0420852410 -0.0055082069 -0.0012749056
  [3,] -0.0033952842 -2.442910e-02  0.0038119828  0.0227125109 -0.0049886413
  [4,]  0.0570549405  3.481859e-02 -0.0208198254 -0.0151799322  0.0006692847
  [5,] -0.0087467692 -3.141935e-02 -0.0096259771  0.0377233689 -0.0201541808
  [6,]  0.0245612361  1.172739e-02 -0.0071715608  0.0100482199 -0.0467823652
  [7,]  0.0304885715  1.143478e-02 -0.0008040061 -0.0082506147  0.0142099339
  [8,] -0.0138263630 -1.405726e-02 -0.0202696372  0.0230845271 -0.0189578199
               [,56]         [,57]         [,58]         [,59]         [,60]
  [1,] -0.0302067745 -0.0168078598 -0.0228366659 -1.643867e-03 -0.0217347950
  [2,] -0.0214990740 -0.0247104127 -0.0181897562  2.324458e-02 -0.0108035660
  [3,] -0.0295313771 -0.0283368307  0.0298839204 -1.360770e-03  0.0539575597
  [4,]  0.0437981131 -0.0008941812 -0.0281359094 -8.171112e-03 -0.0039226747
  [5,] -0.0421280702 -0.0299108078  0.0624074253 -1.716250e-02  0.0716400736
  [6,] -0.0091227945 -0.0344794744 -0.0147227259 -3.268937e-02 -0.0035025495
  [7,]  0.0224733066 -0.0076741011 -0.0094705255  1.126080e-02  0.0178259670
  [8,] -0.0208275574  0.0020800618  0.0535085489 -2.169282e-02  0.0274371018
               [,61]         [,62]         [,63]         [,64]         [,65]
  [1,] -4.729967e-03 -0.0087331026  3.044080e-02  2.423200e-02 -2.313520e-02
  [2,]  1.217897e-03 -0.0193976513  3.165406e-02  4.248464e-02 -1.724081e-02
  [3,]  2.835328e-02 -0.0287820611  1.141498e-02  2.173580e-03 -2.192282e-05
  [4,] -1.126728e-03  0.0392804205 -1.822582e-02 -2.340814e-02  4.611663e-02
  [5,]  3.327122e-02 -0.0333562598 -4.510229e-03 -1.114000e-02 -6.170030e-03
  [6,]  4.107306e-03  0.0223129743 -1.981870e-02 -8.142214e-03  1.491568e-02
  [7,]  9.834217e-03  0.0075471134  2.722721e-03 -3.474103e-03  2.891483e-02
  [8,]  6.804415e-03 -0.0107780381 -2.172347e-02 -1.969678e-02 -1.365354e-02
               [,66]         [,67]         [,68]         [,69]         [,70]
  [1,] -1.533695e-02  0.0165125923  0.0416125466  0.0129180038  0.0081247930
  [2,] -5.989063e-03 -0.0145823425  0.0512336446  0.0455700193  0.0092022703
  [3,]  2.934329e-02 -0.0070369681 -0.0043706931  0.0121093920 -0.0179806556
  [4,] -3.735768e-02 -0.0033413201 -0.0245369684 -0.0188284554 -0.0098194464
  [5,]  5.893437e-02 -0.0097289738 -0.0061715605 -0.0036597476 -0.0300717941
  [6,] -2.200425e-02 -0.0133813342  0.0542079709 -0.0194058886 -0.0159793312
  [7,] -1.150342e-02 -0.0090144039 -0.0246024654  0.0099662468 -0.0076969031
  [8,]  5.001950e-02 -0.0008362740 -0.0086617440 -0.0231379145 -0.0166735449
               [,71]         [,72]         [,73]         [,74]         [,75]
  [1,]  0.0254297793  0.0115683481  3.718478e-02 -0.0156426904  1.451851e-02
  [2,]  0.0092383153  0.0193082498  2.483949e-02 -0.0178769539  4.108178e-02
  [3,] -0.0249836749 -0.0251967439 -2.529983e-02 -0.0187832638  9.828259e-04
  [4,] -0.0024583925 -0.0119853899 -7.179240e-03  0.0428135824 -2.040615e-02
  [5,] -0.0258486569 -0.0359576952 -2.873552e-02 -0.0198999536 -1.146840e-02
  [6,]  0.0291453249  0.0010263409  5.008505e-02  0.0267850787 -9.449188e-03
  [7,] -0.0204567826 -0.0140266606 -2.656136e-02  0.0143526352 -2.571784e-04
  [8,] -0.0037225760 -0.0168406751 -1.029308e-02 -0.0064894773 -1.877008e-02
               [,76]         [,77]         [,78]         [,79]         [,80]
  [1,] -0.0124954912 -0.0098853070 -0.0280315810  2.726270e-02 -1.052171e-02
  [2,] -0.0143167422 -0.0239642961 -0.0283621736  1.302042e-02 -1.356582e-02
  [3,]  0.0230849398 -0.0333013641  0.0190898835  1.688086e-04 -1.636004e-02
  [4,]  0.0032654146  0.0213792024  0.0148013318 -1.463418e-02  4.606882e-02
  [5,]  0.0262914460 -0.0397024341  0.0345578885 -9.163763e-03 -2.407112e-02
  [6,] -0.0079854524 -0.0015710355  0.0010411534 -1.546673e-02  3.292704e-02
  [7,]  0.0104344711 -0.0025707763  0.0125144078 -6.217806e-03  1.682686e-02
  [8,]  0.0056838866 -0.0100115253  0.0233580263 -1.129266e-02 -1.774035e-02
               [,81]         [,82]         [,83]         [,84]         [,85]
  [1,] -0.0132647971 -0.0049625894 -0.0169640328  0.0332972355 -0.0113809004
  [2,] -0.0187968118 -0.0015524895 -0.0093026156  0.0341455139 -0.0122782930
  [3,]  0.0213125977 -0.0002617348 -0.0148288188 -0.0265084544 -0.0105325064
  [4,] -0.0105498467 -0.0367226880  0.0058456114 -0.0097745915  0.0372921212
  [5,]  0.0292465035  0.0278471083 -0.0284490712 -0.0285034347 -0.0170344345
  [6,] -0.0227073658 -0.0027780316 -0.0397057805  0.0566336003  0.0135924734
  [7,]  0.0017958181 -0.0278622744  0.0098142449 -0.0270733044  0.0184310607
  [8,]  0.0156068655  0.0458040052 -0.0172801879 -0.0093749742 -0.0132164751
               [,86]         [,87]         [,88]         [,89]        [,90]
  [1,] -2.819471e-02  1.926085e-02 -0.0166632450 -0.0127782787  0.039593662
  [2,] -8.584645e-03  1.064515e-02 -0.0304220885 -0.0011107682  0.039066145
  [3,]  5.246125e-02 -3.471218e-02 -0.0243405570 -0.0063954101 -0.008461277
  [4,]  2.151003e-02  1.733042e-02  0.0305907657 -0.0026962748 -0.021390033
  [5,]  5.231204e-02 -3.421258e-02 -0.0319765624 -0.0147438788 -0.018933309
  [6,] -9.964892e-03  6.538733e-02 -0.0021977641 -0.0345750123  0.017109417
  [7,]  4.080683e-02 -1.791641e-02  0.0069254456  0.0071273899 -0.016854135
  [8,] -1.233257e-03 -7.131826e-03 -0.0123583962 -0.0094428901 -0.017355789
               [,91]         [,92]         [,93]         [,94]         [,95]
  [1,] -3.179279e-02 -6.380053e-03  0.0109021517 -0.0181063616 -0.0308236574
  [2,] -1.725243e-02 -2.351175e-03 -0.0072139872 -0.0115582263 -0.0214537032
  [3,] -1.053090e-02  1.063145e-02 -0.0098275387  0.0411878971  0.0208511174
  [4,]  1.532281e-02 -4.073076e-02 -0.0059139668  0.0267684647 -0.0295138274
  [5,] -1.556159e-02  3.430991e-02 -0.0109482027  0.0418609811  0.0563327210
  [6,] -3.654312e-02 -2.070207e-02 -0.0092814326  0.0134092793 -0.0212959671
  [7,]  1.724404e-02 -2.164521e-02 -0.0098274636  0.0312154790 -0.0120479723
  [8,] -4.883428e-03  4.104948e-02  0.0005849201 -0.0022860549  0.0587982760
               [,96]         [,97]         [,98]         [,99]        [,100]
  [1,]  0.0102410108  0.0011134025  0.0058201361 -0.0259620738 -0.0315421010
  [2,]  0.0337386567 -0.0040328413  0.0100847252 -0.0231831998 -0.0222908604
  [3,]  0.0071921192  0.0075181057 -0.0273645786 -0.0223738362  0.0485634679
  [4,] -0.0170217809 -0.0384359739  0.0094190649  0.0429554796  0.0223772391
  [5,] -0.0064002638  0.0344602690 -0.0370517411 -0.0303101181  0.0577716994
  [6,] -0.0263524690 -0.0056927344  0.0171833011  0.0077458607 -0.0007218759
  [7,]  0.0077107294 -0.0271658725 -0.0053303793  0.0183605210  0.0328748608
  [8,] -0.0184937786  0.0447885917 -0.0177512671 -0.0152993468  0.0127876858
              [,101]        [,102]        [,103]        [,104]        [,105]
  [1,] -0.0112974127 -0.0141024782 -3.603186e-02  3.044340e-02 -0.0335101617
  [2,]  0.0111710428 -0.0173909406 -2.439316e-02  1.079967e-02 -0.0239483549
  [3,] -0.0025120482  0.0242723673  5.319028e-02 -8.859595e-03  0.0228444966
  [4,] -0.0072794620 -0.0195974846  2.498132e-02 -1.109965e-02 -0.0181795497
  [5,] -0.0124071264  0.0426273066  6.000476e-02 -1.265423e-02  0.0417683415
  [6,] -0.0395763325 -0.0188610591 -6.890414e-03  1.560604e-02 -0.0400386004
  [7,]  0.0106454530 -0.0046860944  3.840611e-02 -1.726764e-02  0.0026275847
  [8,] -0.0115400272  0.0318097881  9.483310e-03 -6.267107e-03  0.0344919410
              [,106]        [,107]        [,108]        [,109]        [,110]
  [1,] -0.0368468944  0.0152653864  0.0279521407 -1.077296e-02  1.183014e-02
  [2,] -0.0219142724 -0.0017826927  0.0031160300 -8.210162e-03  2.045878e-03
  [3,]  0.0227614453 -0.0138715074 -0.0020913975  2.751910e-02 -7.132739e-03
  [4,]  0.0385962826  0.0145151683 -0.0114331650  1.773009e-02 -3.449731e-03
  [5,]  0.0236081499 -0.0119190623 -0.0122236479  2.786220e-02 -8.562710e-03
  [6,] -0.0074402596  0.0515485971 -0.0173837434  9.578834e-03  5.727920e-03
  [7,]  0.0386087266 -0.0119542376 -0.0076421460  2.018401e-02 -8.109502e-03
  [8,] -0.0002313688 -0.0028580872 -0.0119632894 -1.673413e-03 -2.236062e-03
              [,111]       [,112]        [,113]        [,114]        [,115]
  [1,] -2.686729e-03 -0.009326292 -0.0126077798 -0.0331558314  0.0103402373
  [2,] -1.096450e-02 -0.025822079  0.0011411690 -0.0340819476  0.0389328478
  [3,] -1.033221e-02 -0.026332467 -0.0002311155  0.0006985020  0.0016754147
  [4,] -3.093438e-02  0.010702194 -0.0171298048  0.0414551946 -0.0199809597
  [5,]  1.656271e-02 -0.033748128  0.0108434560 -0.0042212563 -0.0117154452
  [6,] -4.079866e-03 -0.019934910 -0.0175449633 -0.0119149999 -0.0203176370
  [7,] -3.048962e-02 -0.003604692 -0.0060812252  0.0289028981  0.0033760051
  [8,]  4.446204e-02 -0.008914278  0.0195280074 -0.0080758300 -0.0190432631
              [,116]
  [1,] -0.0233316127
  [2,] -0.0113471108
  [3,]  0.0338555403
  [4,]  0.0081934119
  [5,]  0.0381780582
  [6,] -0.0192053808
  [7,]  0.0243115715
  [8,]  0.0079511548
 [ reached getOption("max.print") -- omitted 108 rows ]
